0.0
0.0
0.0
0.0
0.0
0.0
0.0
0.0
0.0
0.0
0.0
0.0
0.0
0.0
0.0
0.0
0.0
0.0
0.0
0.0
0.0
0.0
0.0
0.0
0.0
0.0
0.0
0.0
0.0
0.0
0.0
0.0
0.0
0.0
0.0
0.0
0.0
0.0
0.0
0.0
0.0
0.0
0.0
0.0
0.0
0.0
0.0
0.0
0.0
0.0
0.0
0.0
0.0
0.0
0.0
0.0
0.0
0.0
0.0
3.2398026363904772e-6
-2.8428630823334388e-5
6.792697441353322e-5
-6.24011555661256e-5
-6.139591040123911e-5
0.0003578473026293373
-0.0008621789640223791
0.0016908950401624393
-0.0033345663922525392
0.01033279583330728
0.008253384868923385
-0.02149952415022787
-0.004642005233259827
0.014901188217922913
-0.011410980546457434
-0.01701056872221289
0.02042085143067582
0.004995092557204514
-0.0133721700466679
0.01830059268254813
0.00997975107816537
-0.009661118263360075
0.007457284473820706
-0.011263324623237399
-0.003025192687854479
0.0002392628102115787
-0.016096079233996034
0.006840306616922334
0.009450753367544492
-0.007928823491946945
-0.0020032172464115915
0.01510885424648029
0.0024456322185501538
-0.010627954906351838
0.006783864379123126
-0.00029816959778222794
-0.008866293821973258
0.0019940862228538074
0.002799377292144457
-0.000558211348238603
0.00027759154847381345
-0.00015624619951409044
6.124946289293238e-5
4.80651591826298e-6
-3.07396329538634e-5
2.5111247569333835e-5
-9.715284916848267e-6
2.6422498148732354e-6
-1.3436941285207295e-5
4.143920417386355e-5
-7.479704820943923e-5
9.147666459045559e-5
-4.5614032389062346e-5
-0.0001287600498747136
0.00053745801032765
-0.0014708308597865805
0.0050086512537582135
-0.0006478309689413721
-0.0025026659549666993
-0.001278261803460681
-0.00519543591998744
-0.0012850056258509523
0.0005199814988497045
0.007384790873590177
0.0019186412682167648
0.004139869031438623
-0.001126914026041717
-0.008856206968676391
0.0025974214767812346
-0.001716924792647291
0.0015703050351641398
0.007665620197720213
-0.005969875352381161
-0.0020714160368409153
-0.0011350391348344284
-0.00586120313407984
0.005824191422841734
0.0028114795267806035
0.0011128025172233234
0.002764229837978337
-0.004338408011091311
0.00024120120402395216
-0.0015345621002890264
2.819986416663287e-5
0.0011697741751780762
0.002959958420073847
0.0010043885698384758
-0.010055428027277822
-0.002399125305268375
0.006758513607524642
0.00612948381749688
-0.00019840359468562
-0.00022816219938836854
-0.0011183809140102314
-0.006679790923301503
-0.0018203646464385287
0.0020278958828176333
0.004528224770012947
0.005575201082765432
-0.0009051559934842511
-0.007675594757331558
-0.0025745746890710117
0.0007566102515514586
0.0005163580465805435
0.004905210839519191
0.003137474438105598
-0.003555554031738891
-0.003206418910408409
0.0014977624832508319
0.00031454952239134596
0.00044771356833884737
-0.0008120733849809866
0.0017457228251295195
0.004627358251777735
-0.005550088837636724
-0.0071832297824647815
0.0005074267243988575
0.004506257389597336
0.0066011977846944766
-0.0007387686205763597
-0.005634530354006249
0.0008218349332048842
-0.0004915715476470321
0.0024624466911680252
0.0004264982792073843
0.000761707245914099
0.0011801853364189312
-0.003008844917028138
-0.002658626059989342
0.00109672238414054
-0.00012059048123192308
-0.0001618972399711503
-0.0003932914193173882
0.0023999480117777292
0.00265207226611597
-9.159172733040238e-5
-0.003800882032808269
-0.001836591418888302
0.001902720859099663
-0.00034390322393730333
0.00029104830491019493
0.002109137909538322
-0.002454778339083374
-0.001329962955430354
0.0016150364358187852
0.002797095558942939
-0.0006816206864897793
-0.0034388631222214716
0.0016448966329854963
0.0026986794713154657
-0.0018746916708427116
-0.002626658897567275
0.002121480207557564
0.0019931670437653773
-0.0020771033545395044
-0.0007597616609649453
-0.00120557285521468
0.001032273726172997
0.0018861403115770917
-0.0007787410974424545
0.0007772037345731317
-0.0008462276378967358
-0.0006303068565605902
-0.002819080500038267
0.0016104141172250195
0.004710510750730261
-0.0009262398793594024
-0.0029992580512794415
-0.0004457894157884957
-0.00041540403158855477
0.004338370527638234
0.0005489674553934766
-0.0033151967076569416
-0.0012477187300721456
0.0019924904978112596
0.00018731670880168773
-0.0045706523908135115
0.0025528994371778867
0.006604753027705388
-0.006667760220490998
-0.004224392732596801
0.0061567902836417955
0.0006871324373225298
-0.0018762896648918663
0.001123600651926301
-4.661998179081045e-5
0.0017702885274239488
0.001148657372794939
-0.004067517647497185
-0.001432036730063779
0.0011816861869293578
0.0020566025244532506
0.002231501813532134
-0.0024631228276290012
-0.006114177965375553
0.0013645618626863547
0.006617981478425415
-0.0015451677544515317
-0.0012880998256377028
0.00389976210810149
-0.002480680121023751
-0.004617012719712865
0.0012209795461346653
0.0016186021021712142
0.0016373826703069269
0.001857527873673127
-0.002908352560939175
-0.0015731295593393575
0.0016409320005235197
-0.0015152927675571698
-2.16687349199891e-5
0.0037861387064544037
-0.00037757179293707445
-0.0023924670732923935
-0.0005914891627208745
0.00019562677818728955
0.0003287883543483791
0.0007886632327857772
-0.0019068229799589643
-0.00026134062861624303
0.0019422313705803507
0.0007112849576480887
0.0010213787505450006
-0.0005411134107570839
-0.000896969090822592
0.0007401608956111923
-0.0005434549404837308
-0.0008897489202486972
-0.0017322345584369929
-0.001199865318036538
0.003210778753264729
0.002400841847328782
-0.0016979027206906639
-0.001433673918782248
0.00021627777682900012
0.0015387823326118782
-0.000725215165866527
-0.0006603557924570737
0.002047889318856568
-0.0010182015401419147
-0.002378197241044864
9.894945583114749e-5
0.0008366148072784996
0.0020754745611076472
-0.0014247302400281791
-0.0010143989263737571
0.0016995433857331969
-0.0010314844520700852
0.0022414385929359713
-0.000739224332160161
-0.0017072364298045947
0.0020418911264192536
-0.0026064170368782615
0.0003108436009713251
0.002725595039532384
-0.0038034880899655444
0.0019641343236548995
0.0004975365955954294
-0.00201378597944118
0.0024437468421501865
0.0003049013268633093
-0.0005511153690479808
-0.0011864980605045337
-0.000802032099844746
0.00040132192329276353
0.0021705679881293236
-0.0015938319812512558
0.0002050109543206422
0.0025422816007950834
-0.001479835574672969
-0.0012305773662965476
-0.0009958140539928374
0.0013875166557662019
-0.0003684378131489038
-0.0011423754333934983
0.0007832406059087504
0.0007414651457011039
0.0006666828482301934
0.0009986800612511457
0.0004592021699561075
-0.005866128115328734
0.0020032727580379735
0.005427022699733314
-0.0029355130476226843
-0.00017472793571357494
-0.002016801000998931
-0.0017930417261491159
0.004031243185418765
0.00022857461472202873
-0.0022770647004374555
0.00033216497228593517
0.0032203553589049113
-0.0012320407376159466
-0.002108755108850036
0.0014802801574441886
-0.0019059657100367212
0.0011701204413381806
0.0012872923865639037
-0.0016633106520977348
0.0006065245383639097
-0.0004912720943165428
0.0004329905234854281
0.0005261260234855097
-0.0003774449579759116
-0.00046961061493636666
0.0010497911993733453
0.00018229365792329317
-0.002399457286017135
0.0019023440797261955
0.0013994453387950671
-0.0018922246202705956
-0.0012963775742379797
0.0011090877862102628
0.0009938122819114737
-0.000834874114414541
-0.0010647452062641006
0.0012477330740501696
-0.000267752296823976
5.6294299213234085e-5
-0.00022311442428457723
0.0006960750631276422
0.00047218278284256836
-0.0003946974700124925
0.0003386985819941982
-0.0018793578089510705
0.0009426060233066381
0.00037974248268751867
0.00020222314819057173
0.0008810881029693725
-0.0014805553830337505
6.007785166596691e-5
0.00018575500751522083
-0.0009627419742217992
0.0005201617947810161
0.0007946976732784108
-0.00021792906813257682
0.0009327586878463451
-0.0018871626901428868
0.0008708981655220072
0.0011566132990243694
-0.0021829274588814713
0.0006982507419336397
0.000538148863652319
-0.0011978957923143895
0.0004223719598551786
0.00040359594250551566
0.001728695353672463
-0.0015257519505224113
-0.0013528070474960229
0.0017500249500430956
0.00020986168806233694
-0.0008867652633930257
0.0007270286870864694
-7.285744784162739e-5
-0.0009403477660002183
3.42571128271504e-5
-0.0003706442678849821
0.0014407873839300815
-0.00016094707988059437
-0.0016043256783070657
0.000677317305358364
0.0011718701186490834
-0.0008650303431227566
-4.997859388851598e-5
0.00015924470536564015
0.00012081977283536731
-0.00015142191023127214
0.0006141431894093264
-0.0004096589025963927
-0.0005212067228434807
0.00048303136773845864
0.00016335922216164264
0.00039875431081395766
-0.0005723575480547404
-0.0003275275150541594
-0.0005407417394047044
5.769221703061852e-5
0.0005637650578734556
0.00015777009796464698
-0.00011765742098367787
0.00012070574483021324
0.0005767992437648674
-0.0005158719131615174
-0.0007612515663368115
0.0012605529782463234
-0.00021088606776360208
-9.790860062653787e-5
-0.00018018129879726703
-6.229677275250044e-5
0.00031584317301945283
-0.00038425222015045464
-5.992691873780566e-5
-0.00010867134516844122
-0.00024949225791855444
0.00044440274682398963
0.0006635150872131349
-6.288642580754143e-5
-0.0011267317553946261
0.00019781449230470388
5.9747649056875245e-5
-0.00047899907391600653
0.001381494500161929
0.00045995360704583713
-0.0017681374714267279
0.0006947812677065823
8.349362788232669e-5
-0.0011591130866918232
0.001411749377876888
0.00015402817834454262
-1.6987247558133083e-5
7.370997564830131e-5
-0.0002217955871536719
-0.0007369106832314802
-0.0005270973461846276
0.0009370814672543432
-2.5136072413701854e-5
2.0172191753557185e-5
0.0004626857224655522
-0.00027031219430465145
-0.0009444288372401488
0.0004615324994728529
0.00025397986906386616
5.56164364568596e-5
0.0006095720157429157
-0.00020311487887979374
9.255016694452804e-5
-0.0002110679780820273
-0.0006394359872990624
-6.008013657425042e-5
0.0006816972048179227
-0.00019215994421689593
0.00022171770457513442
-0.00017514074023025676
-0.0013047626722824033
0.00045198509532667604
0.0007690176801596015
0.0001837575985687647
9.588678949268954e-5
-0.00015972983983873442
-5.096606841874843e-6
0.00023746138930526157
-0.0004240195051257804
0.0002540192184404692
0.00014182248721240635
-0.0002212519824986957
-0.0004754687798189022
-9.327916197900943e-5
0.00037444616103222446
-0.00042113618312350097
0.00036033204401539386
0.000378878780176564
-0.000431609940394781
0.00026360660707867433
0.00033676459160545606
-0.0008062513934658373
0.0001673673207034454
0.0004365119197345945
-0.00022100811519543763
0.0003520713076355457
-0.000355999723528211
-0.00047418915792438925
0.0006488547501665342
0.0002887296344996034
-0.0008664533224154483
1.0972503363701121e-5
0.000533126796782319
-0.0001427656443012539
5.212614604359698e-5
0.00027927994841128094
-0.0005850166272616331
-0.0002935938755179014
0.0009891534693001445
-0.0002661661131903111
-0.0003795001400365155
0.00026589198736944367
0.00011383994651364054
4.313457370341896e-5
-0.0004337379832473937
0.00022478388575452454
0.0005674150265305399
-0.0008229909277982858
0.00048457254044065236
9.366749063969873e-5
-0.0009064047199127605
0.00011017166451952763
-6.262966251122553e-5
0.0005246603278808917
0.00020402081188086504
-6.896288146387466e-5
0.00021718373763128298
-0.000564726947733163
0.0005221439431864227
6.000035135370624e-5
-0.0007689727261862146
0.00048037292546395245
0.00017894114888450526
-0.00034631222084891927
-0.00010108743691576904
-0.00012726457989402565
0.00022234241697555843
5.484357449211763e-5
-3.150259244394425e-5
-7.400267632527587e-5
5.825624856249043e-5
0.0003964140223290489
0.00017871674783540977
-0.00015105838509095067
-0.0003777097669823769
3.600475886301237e-5
-0.00022928961784678112
-0.00042518053706681386
0.0005940963453833353
0.0003218630936318249
-0.00012037841953023362
-0.00021725371811860754
2.9595604497289414e-5
-0.00012850541431328464
1.1389865531756098e-5
0.0004181357868990121
-0.00029956189464663103
1.910508108350664e-5
0.000132026248550462
-0.00016660402235085705
0.00016514084783982662
0.00011456980393587734
-0.00024668013844959537
-0.0002444012651534538
9.588585385379544e-5
0.00027879133632533463
8.07705400207349e-5
-9.2285317595713e-6
-0.00042936892538558946
-7.619175759940297e-5
0.0004356810217136804
-0.0003480397999111659
0.00036626672152093075
0.0004621485117623013
-0.0003944429805702078
-0.00034688767294358393
0.00011072320562693206
1.2988739679761712e-5
-0.00011220615855443949
5.4908479765016794e-5
-3.0288957208516574e-5
7.136836726360035e-5
0.00016263050210721006
-6.63956889748349e-5
-0.0002182638888179803
2.3360375757163337e-5
0.00021568429391008827
0.00032739529997851774
-0.0002659352578903389
-0.0002055814014000022
0.00010196480785517725
-0.00021086690903372352
0.00020673392778139133
-0.00020021080149532414
5.504167797901865e-5
0.00018282620054963704
-0.00017868453725906368
0.0002642490105347823
-0.0003210487103163924
0.00014901163576276844
0.00039352416698149663
-0.0006187370908981398
7.66445923936635e-5
0.00033805777388281835
-7.157219015194082e-5
4.244265191713246e-5
-0.00022010416788051287
3.220913628334126e-5
0.00028750049711429314
-0.00047237663987068106
-0.00020424964974731413
0.0005603720823107085
-0.00010192246896841142
-0.0001752409358623774
0.00033281270367687896
-1.3205175161046093e-5
-0.00013636567432965632
-0.00016205947093428155
0.00018097316067590177
0.00012616026607014156
-5.80971496059272e-5
-0.00012581254505019293
-0.00017233210143226483
0.00022095464556138236
-0.00017812884429482462
-5.2370948510665154e-5
0.00030014611648801996
0.0001533581632589747
-0.0002536418707626274
3.531646196398583e-5
0.00010767329940542173
-4.905222863070684e-5
-0.00031453674967479254
-5.031279426001593e-5
0.00023582235254901297
0.00011731598797813352
0.0001732550716733428
-0.0004737901959083806
-0.00016115821266807424
0.0004336196565195634
0.00017173059978314645
3.162302942743929e-5
-0.00010405227663264763
-7.064758684095485e-6
-6.98389063775005e-5
-0.0001615153833412528
-0.0001699535650651216
3.148432819164287e-5
8.180197549905088e-5
0.0002706036588123056
-0.0001375847246808186
-0.00013490565419826058
0.00019006813328173086
-0.00018911514022354277
0.00019667857871509485
2.4286811398955286e-5
9.182207313979922e-5
-4.702540103911807e-5
-0.00035189229471531874
0.0003606874076937043
-0.00022638668756191793
0.00010633382248933533
-5.143620715616095e-5
-0.00021672712057390554
0.00017311161371225714
0.00010312566172607582
8.141180440351706e-5
-0.0001958155628176135
0.0001881141021985562
0.0001605150610652193
-0.00030247542012201234
7.200439654505033e-5
-0.00013547652214512885
-4.29239143246238e-5
0.00013668145464182564
-9.840770530830507e-6
0.00020524134179274693
-0.00033339252230330836
4.218782901157252e-5
0.00034209850968584007
-0.00027686483591916975
9.221654341140231e-5
4.2684344755060884e-5
-0.0001606799697261534
0.00010419326596599327
-0.00013116903307974165
-1.984981873338006e-5
-3.987332549143765e-5
0.00022721155848878503
0.00010471593264665384
-0.0002294972632904515
9.148784941991175e-5
0.00012049126371954527
-0.00021906425795887178
-0.0001599031402001046
0.00031889380710131617
-1.0122427761371186e-5
-9.143806921876889e-5
-0.0001929242795157071
4.2801969499811736e-5
0.0002439429952669317
-2.0222390071740808e-5
-3.328474749505486e-6
-0.00018928201483496597
0.0003357900904667335
-4.869436069556675e-5
-0.00023263335464984234
0.00013898495231463314
-0.0003593120878589747
0.0003954018183378118
9.146700730286595e-5
-0.0005320361065578334
9.460491198845569e-5
0.00027122650460002746
0.00018378067331478238
-0.0002073132012889276
8.953503118015796e-5
6.088838139687719e-5
-0.00019105850824566113
5.287937794760726e-5
-2.3593363933834833e-5
-9.946916724101653e-6
-0.00011525375570448436
0.00015991688775996666
-3.674123220007096e-5
-0.00011547434405862118
0.00013185086451556572
5.9443960272959836e-5
-0.00020114096596367056
0.0001627124316945269
0.0001273934535180205
-0.00026317632021900274
0.00011415224896496
9.943020469966203e-5
-0.00012568198414308822
2.9405703362064535e-5
2.453223658549881e-5
-9.087131984688863e-5
4.542074649496502e-5
4.165734519469895e-5
-8.637771302673503e-5
0.00011778939771385063
1.1728601785004891e-5
-0.00016108787682265414
0.00010178899596963131
-0.00016151749521430255
-1.2044102858245249e-5
0.00020328028652249214
2.228126582133054e-5
4.9970215883941574e-5
-5.075629395397104e-5
-5.464771690833926e-5
-3.274325227918135e-6
-0.00012273205143178617
8.483950325374126e-5
-2.8480106640173324e-5
3.9916914790779064e-7
0.00011659214030710832
-0.00015104371919358867
4.646276923886339e-5
0.0002053323144197091
-0.0001898653800078147
1.1082534819897228e-5
7.265550254322335e-5
-3.524728151803832e-5
-4.461887469488645e-5
2.3015857047408017e-5
-0.00013699539423693636
9.8205363756011e-5
0.00013559504868451656
-0.00010310746707169634
6.694749544855137e-5
-0.00011902196742696392
-1.205468985069176e-5
0.00016428365132425463
-1.2332750295129794e-5
-7.231723609474923e-5
-5.492603092472884e-5
5.243286334953294e-5
-8.791098079856939e-5
-3.920189298928188e-5
0.00014925359399056354
-1.0096201823839223e-5
2.2122146082605254e-5
4.327350023044109e-5
-0.00017019905627562785
5.54356716448397e-5
0.00018906893458895085
-0.00016222223511512917
-0.00017592365277025297
0.00013391433543842577
0.00016443999614064616
-3.2463113811220326e-5
-0.00011547488196321952
-6.375576054266551e-5
0.00010383651443501566
3.293127241938883e-5
-5.236658952663181e-5
-8.515885868366836e-5
4.132967338317948e-5
0.00013215696603679865
-0.00020058402677218152
6.670040074213302e-5
0.00023466251045540495
-8.513395036908654e-5
-0.0001278684217395225
-5.2566645924716184e-5
3.838336539990337e-6
0.00011964168631547727
8.821321210745257e-6
-0.00013207277482317356
3.625980546252741e-5
0.0001356376997021496
-0.00010639403506830912
-3.857810261947595e-5
0.00013964958637512968
-2.614663257371698e-5
-5.2816750862422135e-5
-4.86555990696337e-5
4.9363185985284466e-5
-2.3135979183132686e-5
-1.846855515021444e-5
3.8617407216614125e-7
3.093749663827286e-5
1.5677494598956794e-5
1.784057111268126e-5
-2.102310350043736e-5
-4.17224441530407e-5
4.5341313250665775e-5
4.658350777621188e-5
-7.496872369806475e-5
-6.252573765733473e-5
3.379815761720827e-5
5.0225999977825026e-5
5.889384670139571e-5
-1.3852017437737884e-5
-5.423947373353186e-5
1.6218349868155313e-6
1.5546304946025063e-5
-2.6206244579350705e-5
-3.564897080815773e-5
1.8083834952723192e-5
7.510156883896946e-5
-1.3519902593381036e-5
-4.629756800572956e-5
4.459912138099683e-5
-7.482741480877742e-5
1.344754273315917e-5
1.8337211212204838e-5
3.0288812357669057e-5
1.8577361766403453e-5
-6.281324809327083e-5
2.3494430924053008e-5
-3.8041721641183845e-6
3.501313294593638e-5
-2.9712415512520193e-5
-5.477906267085011e-5
8.799055690874808e-5
2.7696129986164763e-5
-0.00010542181653250885
-4.222013550350348e-6
0.0001209513110703444
-0.00012068216174819782
3.4153541433457086e-5
0.00010062548610226492
-0.00011349841200038364
6.0518643994190886e-5
-2.8107524366400856e-5
-5.442066381714006e-5
9.426086473332678e-5
-7.325270650663832e-5
-4.1515895303770606e-5
8.340503126122435e-5
1.3164969352051749e-5
4.488020226692931e-5
-8.568980031375231e-5
-5.4155640501783175e-6
6.0939696418081244e-5
-6.8146266590272e-5
-4.791027832025143e-5
3.116129984215369e-5
0.0001235168657606131
-6.58736741281502e-6
-0.0001424396733923831
4.448880336632025e-5
4.701704416776372e-5
-4.338716668616656e-5
0.00010640836863539196
-0.00010047512440192742
-1.730012031326924e-6
1.7718734320518216e-6
-2.6066200712228438e-5
9.021548064089287e-5
-8.628637685135052e-5
5.147052466159738e-5
2.875841511743878e-5
-7.990439154256753e-5
8.692031709884493e-5
-5.939326879109256e-5
-3.89719942345769e-5
2.775417986244988e-5
1.6463800261431295e-5
9.442169365986155e-5
-0.0001394567240488523
-1.6513205424062403e-6
0.00015481971587016593
-0.0001657062374684389
3.4519885191765325e-5
7.063693323049792e-5
-6.659545013875286e-5
7.304873834775252e-5
-7.335295742872541e-5
2.5468459083376397e-5
5.356820423440305e-5
-0.0001256275483182692
3.1891262466411706e-5
6.773527597396182e-5
3.2245350190780075e-5
-8.400888122539216e-5
-3.713720142716806e-5
0.00012445907406120318
-4.790470363928682e-5
-3.851422467037638e-5
6.336843575156265e-5
-5.3906157255540894e-5
2.2031957705990907e-5
-5.14117364263803e-5
1.4582622708773098e-5
5.6532304231452896e-5
-4.591854254072427e-5
6.057458183663134e-5
-1.1396517854268169e-5
-6.49176457225525e-5
3.645668704803028e-5
-7.070155763354574e-6
-5.84767298178059e-5
4.79688857000727e-5
8.787436511917072e-5
-6.34100140020947e-5
-2.1335419563746425e-5
4.610223392987114e-6
-8.682002473860581e-6
1.8434252639421543e-5
-2.6813218010206325e-5
4.4728107527211665e-5
9.805453011243205e-6
-3.196791743901817e-5
-1.1417350299373157e-5
-5.689989674819668e-6
1.859396320983769e-5
1.710926640619795e-5
-2.920791483658667e-5
2.547910656562346e-5
-2.0887290758373228e-5
-3.373721764766151e-5
5.327357924036049e-5
-3.744961520154661e-6
3.10382417442452e-5
-1.0354110118707265e-5
-5.35935900500591e-5
-3.2603834120025607e-6
1.2790534971571944e-5
1.7042888598902095e-5
-1.532452924842906e-5
3.654797015601499e-5
1.8920489412144937e-5
-6.184300111668972e-5
-4.9776799554961055e-6
3.998442603919105e-5
-9.506683473036984e-6
-4.1009454830176424e-5
1.812169687114737e-5
6.223172345459078e-5
-1.0627581978676188e-5
-4.0909526290531864e-5
-2.2607698972853012e-5
8.645284197373855e-6
2.5298481556253255e-5
